[app/ui]
version = 8.2.5
modtime = 1654157055.951176000

[app/launcher]
version = 8.2.5
modtime = 1654157055.952610000
